Stone.png
size:2048,1990
filter:Linear,Linear
1
bounds:1603,482,443,639
10
bounds:138,1960,70,28
11
bounds:1940,1915,106,30
12
bounds:896,1859,157,68
13
bounds:140,1902,150,86
14
bounds:292,1952,41,36
15
bounds:1930,1598,116,135
16
bounds:1557,1958,70,30
17
bounds:1025,1941,98,47
17-1
bounds:2,1455,162,156
18
bounds:2,1963,134,25
19
bounds:837,1407,233,63
2
bounds:721,93,210,521
rotate:270
20
bounds:801,1891,222,97
21
bounds:287,1912,36,38
22
bounds:708,1447,131,127
23
bounds:1405,1961,106,27
24
bounds:1871,1940,145,48
25
bounds:1213,1830,192,158
26
bounds:137,992,603,629
rotate:90
27
bounds:873,1468,155,527
rotate:90
28
bounds:1308,1062,660,738
rotate:270
29
bounds:674,895,124,195
3
bounds:98,43,161,483
rotate:90
30
bounds:2,1233,104,220
31
bounds:1687,8,317,359
rotate:90
32
bounds:1562,1724,452,264
33
bounds:316,112,346,487
rotate:90
34
bounds:1176,530,434,313
35
bounds:1434,252,308,612
rotate:270
36
bounds:665,1847,140,141
37
bounds:775,399,265,605
rotate:180
38
bounds:2,1054,163,122
39
bounds:2,1576,412,1558
rotate:90
4
bounds:1248,2,217,517
rotate:270
5
bounds:1025,214,344,600
6
bounds:2,293,424,631
rotate:90
7
bounds:334,1862,329,126
8
bounds:1407,1912,87,47
9
bounds:2,1933,106,28
t1
bounds:113,460,683,559
rotate:180
t2
bounds:768,834,705,586
rotate:180

Stone_2.png
size:456,740
filter:Linear,Linear
40
bounds:2,2,452,736
